500
266 280 1
136 193
86 138
3 4 2
3 4
1 2
2 2
144 3 2
89 3
100 3
129 1
4 4 2
1 3
3 2
3 4
88 83 2
66 62
69 43
25 57
250 169 2
74 30
35 60
115 56
298 3 2
101 2
276 1
259 1
3 3 2
1 3
3 3
2 2
3 295 2
2 275
3 128
2 162
126 3 2
47 1
42 3
62 3
4 4 2
1 2
4 1
3 4
226 209 2
148 7
177 8
222 185
4 4 2
4 2
2 1
1 2
3 3 2
3 3
2 2
2 3
4 3 2
3 1
3 3
4 1
3 3 2
3 2
1 3
1 1
191 3 2
48 3
12 2
154 2
300 187 2
288 42
78 11
107 58
3 3 2
2 1
1 3
2 3
3 3 2
3 2
2 3
1 1
265 56 2
46 11
175 29
125 9
111 31 2
65 15
35 4
107 5
127 60 2
47 23
33 17
92 17
3 95 2
1 71
1 53
1 77
4 3 2
1 2
4 2
1 3
3 82 2
1 80
2 68
2 54
145 23 2
3 20
18 3
8 14
285 209 2
182 20
125 50
228 189
3 3 2
3 1
3 2
1 2
162 228 2
34 208
32 123
151 59
300 300 2
1 1
1 3
3 1
166 9 2
4 9
91 9
26 8
299 3 2
9 2
217 2
138 2
267 141 2
37 110
151 96
107 43
4 3 2
4 1
3 3
2 3
4 4 2
2 3
3 4
4 2
47 3 2
46 3
2 3
36 2
4 4 2
1 3
4 4
2 4
3 3 2
1 1
2 1
3 1
3 3 2
2 3
2 2
1 2
117 3 2
79 2
60 3
18 3
108 10 1
102 9
15 10
4 4 2
1 2
1 3
1 4
4 3 2
4 2
1 1
4 3
4 4 2
2 3
2 4
4 3
297 3 2
153 2
222 3
27 1
8 8 2
8 1
8 8
1 1
279 230 2
81 36
223 66
222 212
166 168 2
32 44
25 139
27 129
3 3 2
3 3
2 1
2 2
223 3 2
223 2
154 3
99 3
3 20 2
3 18
1 11
1 5
276 3 2
161 3
177 2
89 2
3 4 2
1 2
1 3
3 4
3 3 2
1 3
2 2
1 1
3 3 1
1 1
2 2
160 77 2
156 58
106 65
56 49
4 271 2
2 236
3 168
3 89
3 3 2
1 3
3 2
2 1
166 179 2
10 48
21 162
151 116
4 4 2
4 2
4 4
2 4
230 263 2
123 171
209 96
155 221
4 3 2
4 3
1 3
2 3
3 39 2
2 13
2 24
1 13
3 4 2
2 2
1 1
1 3
3 3 2
2 1
1 1
1 3
4 4 2
4 3
2 3
2 1
4 3 2
4 1
4 3
3 3
111 295 2
16 72
89 54
18 144
113 99 2
4 36
43 47
79 47
4 4 2
3 3
2 2
1 4
254 32 2
29 17
40 5
204 24
4 4 2
4 2
2 1
3 4
3 3 2
1 3
1 2
1 1
3 3 2
2 3
1 1
2 1
3 3 2
1 3
2 3
3 1
3 10 2
2 10
1 9
3 9
4 4 2
3 3
2 4
2 2
296 231 2
220 166
98 17
194 46
194 130 2
162 45
39 130
64 46
109 3 2
37 3
79 1
96 1
3 3 2
1 3
2 3
3 2
3 23 2
2 7
2 2
3 9
3 3 2
3 2
1 1
2 3
4 3 2
4 2
3 3
2 3
33 3 2
10 2
10 1
9 3
4 4 2
1 1
1 2
2 3
268 149 2
23 79
91 30
159 19
204 268 1
4 197
14 18
255 81 2
74 12
4 67
27 50
3 53 2
1 31
2 42
1 23
7 7 2
4 4
1 7
2 7
148 195 2
18 127
16 35
77 189
4 4 2
3 1
2 4
4 2
3 3 2
3 2
1 1
3 3
79 191 2
62 107
9 31
24 168
148 238 2
34 219
126 218
141 159
290 279 2
170 194
45 3
137 190
3 3 2
1 3
3 2
1 2
104 3 2
47 1
64 2
79 1
287 217 2
15 64
264 181
103 21
99 3 2
18 3
75 1
20 2
3 107 2
2 3
2 98
2 36
265 212 2
190 124
249 112
97 89
94 3 2
35 3
42 1
69 2
3 3 2
3 2
2 2
1 1
186 79 2
113 15
33 41
63 12
100 16 2
33 3
15 7
23 4
3 3 2
3 3
3 2
2 2
176 3 2
159 3
79 3
42 3
3 3 2
1 1
3 3
1 3
4 4 2
1 2
4 3
2 2
227 3 2
138 3
72 2
86 3
23 3 2
3 2
8 3
21 2
3 3 2
2 2
3 3
1 3
111 3 2
6 1
2 1
33 2
4 4 2
3 2
3 1
4 2
6 146 2
1 103
2 83
2 13
3 4 2
3 1
3 4
2 2
199 288 2
190 109
125 55
178 116
4 3 2
1 2
3 2
3 3
3 3 2
3 2
1 2
3 3
180 3 2
75 3
1 3
112 2
4 3 2
2 3
2 2
2 1
4 4 2
4 2
1 4
4 3
3 102 2
2 75
3 32
1 100
3 3 2
1 1
2 2
1 2
285 188 2
37 170
182 88
284 169
288 207 1
117 25
197 154
90 181 2
2 132
37 21
46 131
3 3 2
2 1
1 3
2 3
136 3 2
125 1
21 3
52 2
3 3 2
1 3
3 1
1 1
3 90 2
2 32
3 52
3 31
296 274 2
51 41
222 49
211 168
3 3 2
1 2
2 1
3 1
3 3 2
3 1
3 3
2 1
268 3 2
251 2
170 2
158 3
217 9 2
213 5
194 9
114 4
101 3 2
7 2
58 1
16 3
3 3 2
1 3
2 3
2 2
3 3 2
2 1
2 2
3 3
226 79 2
221 28
158 37
158 42
148 299 2
46 183
80 3
55 58
104 271 2
20 198
73 242
41 62
125 29 2
121 21
21 5
83 5
3 3 2
2 3
1 1
2 1
55 4 2
27 3
37 4
35 2
3 106 2
3 61
1 89
1 15
3 3 2
1 1
1 3
3 1
241 3 2
24 1
88 3
194 2
94 26 2
29 21
61 19
22 19
4 4 2
4 1
4 4
2 1
48 230 2
5 227
26 141
6 110
260 248 2
212 121
112 198
193 141
81 124 2
25 109
69 65
53 101
4 4 2
4 4
1 1
3 3
3 3 2
3 2
2 3
2 2
4 3 2
1 2
3 2
1 1
37 197 2
25 129
28 69
37 60
4 3 2
3 2
4 3
1 2
283 274 2
138 124
281 181
191 155
3 3 2
1 1
1 3
3 1
4 4 2
4 2
3 3
4 1
3 3 2
2 1
3 3
1 1
31 224 2
27 151
13 176
31 74
4 4 2
1 2
3 1
4 3
3 3 2
3 1
2 3
1 2
243 3 2
178 2
212 3
233 3
213 177 2
200 19
72 3
98 13
3 4 2
3 4
2 1
3 3
19 3 2
10 2
1 1
2 2
3 23 2
2 20
2 21
1 2
158 63 2
43 4
33 57
88 55
4 3 2
2 1
1 3
2 2
53 220 2
34 30
38 1
3 7
158 34 2
135 16
61 7
66 11
135 219 2
82 197
62 100
7 29
168 157 2
27 14
154 68
46 114
184 238 2
179 45
137 177
183 9
4 4 2
1 4
4 4
2 2
3 132 2
3 96
3 13
3 87
74 295 2
62 30
51 29
25 91
3 3 2
3 2
1 3
2 2
4 3 2
2 1
4 3
3 1
3 3 2
2 3
3 3
1 3
3 93 2
2 9
1 51
2 53
3 191 2
3 184
2 46
1 113
3 3 2
2 3
3 2
3 3
247 215 2
237 91
116 144
227 133
270 184 2
152 145
256 25
28 147
3 159 2
1 116
2 89
2 101
221 21 2
177 11
83 19
210 18
153 285 2
10 36
90 263
121 210
3 3 2
1 3
2 2
1 1
168 21 2
163 10
97 9
138 21
3 120 2
1 3
2 12
1 34
276 3 2
246 1
145 2
41 3
122 135 2
22 85
93 85
120 108
196 284 2
166 92
88 177
39 240
296 3 2
88 1
237 1
65 2
3 97 2
1 67
3 9
2 27
226 3 2
23 1
182 1
6 2
160 224 2
142 112
129 40
64 100
17 3 2
11 2
17 3
13 3
3 3 2
1 1
2 1
2 2
3 276 2
2 25
3 99
3 19
4 4 2
2 3
2 2
4 1
3 3 2
1 1
2 3
2 1
113 3 2
31 1
42 2
91 2
286 86 2
84 40
132 77
228 3
267 136 2
100 69
55 84
242 32
242 173 2
210 29
94 76
144 64
3 3 2
3 1
2 3
1 3
116 180 2
88 84
50 38
29 131
3 3 2
2 1
1 3
3 1
3 3 2
2 3
3 1
1 2
299 83 2
257 66
283 11
223 33
3 13 2
2 11
3 7
3 8
253 241 2
210 160
88 202
229 174
3 3 2
2 2
1 3
1 1
268 125 2
95 43
133 87
178 56
3 3 2
3 1
3 2
2 3
98 150 2
76 63
53 137
87 101
4 3 2
4 2
1 1
3 1
273 291 2
61 163
120 29
231 45
300 5 2
2 3
15 2
300 5
39 189 2
7 53
23 32
20 27
228 70 2
119 56
87 32
70 27
3 3 2
2 3
1 3
3 2
19 3 2
4 3
18 3
18 1
4 3 2
4 1
3 2
1 1
276 170 2
129 148
191 114
39 63
3 5 2
1 1
3 2
3 1
3 3 2
3 1
2 1
1 1
298 35 2
61 20
83 34
66 34
147 3 2
15 2
38 3
120 1
3 3 2
1 2
2 3
2 1
3 3 2
2 2
1 3
1 1
3 3 2
3 3
3 2
1 1
89 167 2
40 38
71 158
57 105
3 25 2
2 23
3 20
2 14
3 3 2
1 3
3 2
1 1
3 4 2
2 2
3 4
1 4
4 4 2
3 4
2 1
3 1
3 3 2
1 3
2 3
3 1
149 123 2
16 106
78 24
139 123
228 74 2
165 60
155 6
100 47
3 4 2
2 3
3 2
3 1
74 3 2
3 1
62 2
27 3
96 3 2
40 1
30 1
65 2
3 4 2
1 4
3 4
3 1
4 4 2
1 1
2 1
4 1
180 3 2
42 3
180 2
88 2
3 4 2
3 1
2 1
1 3
3 4 2
2 3
2 1
2 2
3 21 2
1 1
1 14
3 11
90 125 2
31 64
79 107
63 117
3 261 2
2 207
1 163
1 220
3 3 2
3 1
2 3
1 1
188 227 2
88 218
74 176
70 79
3 3 2
3 1
3 2
2 2
253 99 2
114 90
210 26
246 65
225 16 2
93 10
34 5
146 5
4 3 2
3 3
4 1
4 3
3 267 2
2 189
3 88
3 150
4 3 2
3 1
1 1
3 3
245 270 2
17 71
135 265
76 145
281 3 2
104 3
271 3
40 3
196 103 2
55 12
31 70
68 53
3 3 2
2 2
1 2
1 3
4 4 2
1 1
4 4
2 2
239 96 2
163 43
97 71
186 81
148 210 2
16 80
70 65
148 159
223 130 2
95 101
196 15
9 117
20 3 2
4 1
17 2
8 2
3 256 2
3 162
3 208
2 250
4 4 2
3 4
1 3
3 2
3 4 2
1 1
3 3
2 1
259 179 2
141 162
185 106
101 127
4 4 2
1 1
3 4
4 4
3 3 2
1 3
2 1
3 3
3 3 1
1 1
2 2
3 274 2
3 150
2 241
3 253
214 294 2
33 287
93 20
172 79
168 242 2
55 111
70 57
22 187
203 271 2
156 138
147 155
154 197
3 3 2
3 2
1 2
2 3
4 3 2
4 2
1 1
3 2
3 3 2
3 2
3 1
2 1
244 3 2
220 2
182 2
60 1
97 274 2
70 76
62 269
85 57
3 3 2
3 2
3 3
1 3
163 44 2
147 34
52 10
91 15
4 4 2
4 4
3 2
3 3
4 4 2
4 2
2 3
2 4
3 296 2
1 145
1 287
1 100
3 3 2
1 1
3 1
1 2
3 3 2
2 2
2 3
1 3
4 4 2
1 4
1 2
3 4
175 279 2
159 114
35 73
161 5
214 3 2
101 2
68 3
85 2
225 249 2
178 100
129 202
130 184
236 226 2
138 207
234 63
75 17
245 3 2
69 2
231 2
54 2
3 3 2
1 1
2 1
3 3
3 10 2
2 10
1 9
3 9
167 275 2
156 193
68 262
69 122
4 3 2
1 1
4 3
4 1
3 294 2
2 133
2 29
2 136
204 263 2
135 141
48 89
8 26
209 244 2
187 202
38 243
193 43
268 259 2
204 3
6 162
234 122
59 83 1
46 10
6 42
3 3 2
3 2
3 1
1 3
108 108 2
5 61
92 63
25 68
231 3 2
50 3
212 2
116 3
4 4 2
4 3
1 3
2 3
3 4 2
1 4
1 3
3 4
4 4 2
3 2
4 2
2 2
3 292 2
2 41
3 147
1 95
4 4 2
1 2
4 3
2 1
3 3 2
2 3
1 1
2 2
3 4 2
2 1
2 2
1 2
4 4 2
2 4
4 1
4 3
248 275 2
86 128
145 122
16 19
132 93 2
29 26
26 90
24 70
198 3 2
55 1
177 2
71 1
241 106 2
176 71
234 68
126 30
3 3 2
3 2
1 1
2 1
4 4 2
1 3
3 2
2 4
220 28 2
146 21
167 8
27 8
287 89 2
203 36
127 72
233 67
3 3 2
1 1
3 3
1 3
160 149 2
75 15
76 149
22 8
3 3 2
1 2
2 3
2 2
75 212 2
29 10
7 63
14 54
3 4 2
1 4
3 2
2 3
230 97 2
217 17
59 27
124 80
284 3 2
264 1
245 2
217 1
4 3 2
2 2
2 3
3 2
3 130 2
2 1
2 91
2 8
3 3 2
3 3
2 1
2 2
3 3 2
3 2
2 2
2 1
3 3 2
1 1
2 1
3 2
4 4 2
2 1
4 1
2 2
3 3 2
3 1
2 1
3 2
44 170 2
9 42
25 61
42 46
3 3 2
2 2
2 3
1 2
3 3 2
3 3
2 2
1 2
3 3 2
3 3
1 3
1 2
3 4 2
3 2
1 2
2 2
9 238 2
8 156
5 230
4 8
14 88 2
11 50
7 51
6 52
190 195 2
71 146
82 8
37 161
135 109 2
26 108
35 44
133 76
269 3 2
68 3
28 3
76 3
3 173 2
3 22
2 139
2 87
4 3 2
4 3
1 1
3 1
3 3 2
2 2
3 1
1 2
252 39 2
250 34
195 15
208 38
4 4 2
2 2
4 2
2 3
270 248 2
126 236
154 210
21 52
3 98 2
1 12
2 2
1 81
3 3 2
3 1
3 3
1 2
228 3 2
65 2
112 2
207 3
3 3 2
1 1
2 2
1 2
4 4 2
1 3
1 4
4 1
180 160 2
76 144
177 64
151 55
71 87 2
36 44
1 87
71 1
3 3 2
3 2
1 1
2 2
58 3 2
6 1
16 3
38 2
4 3 2
4 2
1 1
2 1
158 3 2
157 1
149 2
34 2
67 25 2
32 10
66 3
21 18
4 4 2
4 4
2 2
4 2
135 127 2
131 30
40 86
75 12
101 3 2
33 3
15 3
23 1
46 3 2
5 2
39 3
20 1
289 132 2
283 63
37 122
28 98
242 212 2
151 141
172 30
116 5
4 4 2
1 4
4 4
2 2
149 7 2
41 2
121 7
117 1
100 197 2
9 189
63 138
11 143
86 61 2
22 1
86 38
74 6
276 201 2
164 35
103 138
169 123
67 25 2
32 10
66 3
21 18
3 4 2
3 1
1 3
2 1
141 267 2
131 38
1 215
3 95
4 4 2
3 3
2 4
1 4
82 3 2
20 3
51 3
16 3
9 112 2
5 77
8 80
3 21
198 3 2
7 1
50 1
103 1
3 3 2
3 2
2 1
3 1
68 37 2
26 6
48 36
37 30
41 3 2
24 1
36 1
21 1
128 262 2
4 183
79 31
61 14
3 3 2
2 1
2 2
3 2
4 4 2
4 3
3 3
3 1
3 3 2
1 2
3 3
3 2
4 4 2
3 2
2 1
2 2
257 294 2
117 290
188 102
74 103
258 3 2
163 3
211 2
191 3
3 3 2
3 1
2 3
3 3
3 3 2
3 3
3 1
1 3
298 116 2
20 54
42 64
181 36
8 8 2
8 1
8 8
1 1
154 31 2
110 11
52 25
80 22
114 235 2
86 224
97 63
55 47
171 234 2
58 26
69 153
83 50
3 276 2
2 102
2 208
2 128
32 233 2
20 29
4 47
23 28
300 300 2
1 1
1 2
2 1
3 257 2
1 233
1 11
1 17
22 3 2
15 2
22 2
19 3
222 107 2
187 74
94 24
176 107
4 4 2
1 2
4 4
3 1
32 3 2
3 3
8 2
9 1
164 264 2
14 259
133 146
158 156
142 5 2
126 5
29 1
49 2
3 3 2
2 1
2 2
3 1
3 95 2
2 67
3 88
1 13
89 62 2
44 62
11 21
65 45
227 108 2
130 95
110 48
70 12
3 3 2
2 3
2 2
3 3
4 3 2
2 3
2 1
2 2
15 14 2
4 3
2 8
13 9
294 83 2
75 44
53 29
10 31
186 281 2
32 85
37 244
92 75
3 33 2
3 7
1 18
2 29
296 79 2
158 66
257 62
100 19
3 294 2
2 139
2 81
2 220
3 3 2
3 1
1 3
2 1
4 3 2
3 2
3 3
1 1
4 3 2
2 1
3 2
4 3
252 3 2
44 1
231 1
8 2
3 3 2
1 2
3 1
3 2
3 3 2
3 2
2 3
1 3
145 156 2
107 39
18 111
78 20
55 53 2
48 42
39 31
29 10
4 3 2
2 1
3 1
2 2
63 165 2
45 1
26 71
34 83
168 75 2
47 3
20 35
4 10
26 47 2
21 7
1 30
8 43
3 37 2
3 29
3 35
3 4
3 3 2
1 1
2 2
3 3
219 9 2
113 5
207 1
48 7
124 63 2
1 63
2 43
86 42
69 68 2
9 23
26 16
9 44
4 3 2
4 3
2 3
1 2
3 34 2
1 8
2 22
3 16
3 187 2
2 63
1 22
2 78
3 3 2
1 1
3 1
2 2
4 3 2
4 3
1 3
3 3
4 4 2
2 3
2 4
2 1
64 245 2
5 28
17 9
22 240
3 3 2
3 2
1 2
2 1
173 44 2
143 12
80 26
129 22
40 255 2
18 189
18 91
15 75
3 3 2
1 2
3 2
2 3
3 193 2
1 69
1 37
3 181
3 4 2
2 4
1 2
3 3
163 247 2
54 21
30 203
133 149
3 3 2
1 1
3 3
2 2
71 87 2
36 44
1 87
71 1
3 3 2
3 3
3 1
3 2
134 195 2
95 91
74 21
55 111
241 3 2
6 2
229 3
155 3
4 4 2
1 3
1 1
2 1
25 65 2
5 10
6 16
7 9
114 3 2
14 2
40 3
37 1
3 3 2
2 3
2 2
2 1
79 37 2
31 1
34 15
37 31
4 3 2
4 1
3 2
4 3
296 63 2
5 30
78 47
40 32
3 4 2
3 2
2 4
1 3
3 3 2
3 1
1 2
2 2
3 3 2
2 2
3 2
2 3
291 211 2
208 67
155 167
81 199
210 270 2
82 245
10 189
65 134
4 4 2
3 2
3 4
1 3
20 272 2
7 12
12 50
20 140
213 83 2
17 9
1 55
200 67
50 3 2
18 1
4 3
15 3
186 263 2
90 115
175 74
38 165
226 61 2
118 38
84 50
213 36
3 3 2
1 2
2 3
1 3
4 4 2
3 2
4 1
1 3
176 18 2
101 16
3 15
45 14
4 3 2
1 2
4 1
2 1
72 300 2
38 228
56 46
44 66
4 4 2
1 4
1 3
3 1
4 4 2
2 2
3 1
4 4
3 120 2
3 114
2 58
3 26
4 3 2
4 2
3 3
3 2
270 157 2
179 16
56 122
41 81
64 141 2
21 77
11 126
12 115
4 3 2
4 3
3 1
4 1
3 3 2
2 3
2 2
1 1
300 5 2
2 3
15 2
300 5
